[gd_scene load_steps=3 format=2]

[ext_resource path="res://RadarGame/Models/b17.glb" type="PackedScene" id=1]
[ext_resource path="res://RadarGame/Models/Animation/b-17-anim.tres" type="Animation" id=2]

[node name="b17" instance=ExtResource( 1 )]

[node name="heliceGI" parent="." index="15"]
transform = Transform( 1, 0, 0, 0, 0.319573, 0.947562, 0, -0.947562, 0.319573, -8.433, -0.585, 3.021 )

[node name="heliceGE" parent="." index="16"]
transform = Transform( 1, 0, 0, 0, 0.319573, 0.947562, 0, -0.947562, 0.319573, -7.8517, -0.184, 6.505 )

[node name="heliceDI" parent="." index="17"]
transform = Transform( 1, 0, 0, 0, 0.319573, 0.947562, 0, -0.947562, 0.319573, -8.433, -0.585, -3.021 )

[node name="heliceDE" parent="." index="18"]
transform = Transform( 1, 0, 0, 0, 0.319573, 0.947562, 0, -0.947562, 0.319573, -7.8517, -0.184001, -6.505 )

[node name="AnimationPlayer" type="AnimationPlayer" parent="." index="248"]
anims/b-17-anim = ExtResource( 2 )
